[server]
ip=0.0.0.0
port=443
password=xxx

[game]
latitude=55.179843690976
longitude=61.399272205184
radius=20000
health=500
energy=5000

energy_attack=500
energy_distance=19000
energy_angle=180

mech_attack=500
mech_distance=19000
mech_radius=400
